"","ASV568","ASV574","ASV1478","ASV1784","ASV2854","ASV3608"
"ASV568",0,0.186516853932584,0.22,0.115138592750533,0.219565217391304,0.25
"ASV574",0.186516853932584,0,0.1875,0.175280898876404,0.150900900900901,0.2
"ASV1478",0.22,0.1875,0,0.215686274509804,0.191489361702128,0.16
"ASV1784",0.115138592750533,0.175280898876404,0.215686274509804,0,0.230434782608696,0.208333333333333
"ASV2854",0.219565217391304,0.150900900900901,0.191489361702128,0.230434782608696,0,0.204545454545455
"ASV3608",0.25,0.2,0.16,0.208333333333333,0.204545454545455,0
