"","ASV665","ASV781","ASV1438","ASV3813","ASV3836","ASV3847"
"ASV665",0,0.00429184549356223,0.132608695652174,0.132608695652174,0.0815450643776824,0.107296137339056
"ASV781",0.00429184549356223,0,0.132608695652174,0.132608695652174,0.0815450643776824,0.107296137339056
"ASV1438",0.132608695652174,0.132608695652174,0,0.0538793103448276,0.146868250539957,0.121739130434783
"ASV3813",0.132608695652174,0.132608695652174,0.0538793103448276,0,0.15948275862069,0.134782608695652
"ASV3836",0.0815450643776824,0.0815450643776824,0.146868250539957,0.15948275862069,0,0.111587982832618
"ASV3847",0.107296137339056,0.107296137339056,0.121739130434783,0.134782608695652,0.111587982832618,0
